Month,Revenue,Expenses,Profit,Receivables,Tax
January,150000,100000,50000,20000,10000
February,165000,110000,55000,25000,12000
March,180000,115000,65000,30000,14000
April,175000,105000,70000,28000,13000
May,190000,120000,70000,35000,15000
June,210000,130000,80000,40000,18000
July,205000,125000,80000,38000,17500
August,220000,135000,85000,45000,19000
September,230000,140000,90000,48000,20000
October,245000,150000,95000,50000,22000
November,260000,160000,100000,55000,25000
December,280000,170000,110000,60000,28000
